-0.271685 0 0 0.250306 0 0 0.278464 0.220669 
0 0 0 0 0 0.15196 0 0 
-0.32043 0.211752 0 0 0 0 0.439471 -0.489884 
0 -0.423292 0 0 0 0 0 0 
0 0 0 0 0 0 0 0 
0 0 0 0 0 0 0 0 
0 0 0.339939 0 0 0.153153 0 0 
0.229011 -0.277112 0.325181 0 0 0 0 0 
0 0 0 0 0 0 0 0 
0 -0.175176 0 0 0 0 0 0 
0 0 0 0 -0.483807 0 0 0 
0.0490455 0 0 0 0 0 0.121984 0 
0 0.13867 0 0 0.462455 0 0 0.393275 
0 0 0 -0.183975 -0.182035 0 -0.340662 0.312279 
0 0 0 0 0 0 0 0 
0 0.237403 0.196997 0.110251 0.329153 0 0.105578 0 
0 0 0 -0.274685 0 -0.115347 0 -0.486965 
0 0 0 0 0.169316 0 0 -0.297775 
0 0 0 0 0 0 0 0 
0 0 0 0 0 0 -0.285457 0 
-0.0722691 0 0.409401 0 0 0 0.0677042 0 
-0.00417744 0 -0.379062 0 0 0 -0.484035 0 
0 0 0 0 -0.0363868 0 0 -0.0133263 
0 -0.145122 -0.256143 0.116416 0 0 0 0 
-0.200733 0 -0.355074 0 0 0 0 0 
0 -0.19546 0 0 0 0 0 0.417811 
0 0 0 0 0 0 0.394869 0 
-0.462273 0 0 0 0 0.440163 0 0 
0 0 0 0 0.0461106 0 0.477248 0 
0.395058 0 0 0 -0.00497962 0 -0.110111 0 
0 0 0 0.132803 0 0 0.147394 -0.23593 
0 -0.142683 0 0 0 0 0 0.121328 
0 -0.227598 -0.197517 0 0.460703 0 0 0 
0 0 0 0 0 0.290696 0 0 
0 0 -0.0879167 0 -0.445961 0 -0.324182 0.25583 
-0.334511 0 0 0 0 0 0 0 
0 -0.219473 0.392881 0 0 0 -0.296833 0 
0 -0.349573 0 -0.295534 0 0 -0.168845 0 
0 -0.171248 -0.0704451 0 0.0197777 0 0 0 
0 0 0 0 0 0 0 0.00973014 
0 0.160157 0.0924891 0 0 0 0.400962 0 
-0.102394 0 0 0 0 0 -0.125838 0.0418669 
-0.424789 0 0 -0.0989375 0 0 0 0 
0.0709499 -0.41079 0.361486 0.18048 0 0 0 0 
0 0 0 0 -0.165845 0.472925 0.373094 0 
0 0 0 0 -0.31922 0 0.177501 -0.286815 
0 0 0.10101 0 0 0 0 0 
0 0.484391 -0.146631 0 0 0 0.425406 0 
0 0 0 -0.245966 0 -0.324461 0 -0.111276 
0 -0.0366051 -0.35829 0 0 0 0 0 
0 0 0 0 0 0 0.295192 0.354676 
0 0 0 0 0.0503811 0 0 -0.159865 
0 0.47729 0 0 0 0 0 -0.400198 
0 -0.118118 0 0 0 0.409845 0 0 
-0.226846 0 0 0 0.427041 0 0 0 
0 0.141744 0 0 -0.160885 0 0 0 
0 -0.410169 0.498888 0 0.286168 0 0 0 
0 0 0 -0.409364 0 0 -0.397875 0 
0 0 0 0 0 0 0.096176 0.109565 
-0.30205 0 -0.303162 0 0 0.148101 -0.216105 -0.101422 
-0.0876483 0.06349 0 0 0 0 0 0 
-0.32504 -0.360896 0 0 0 0.0523173 0 0 
0.218201 -0.128377 -0.353769 0 0 -0.046223 0 0 
0 0 0 0.0336169 -0.355775 0.0437483 0 0 
-0.210472 0 0.369436 0 0 0 0 0 
0 0 0 0 0 0 0 0 
0 0 0 0 0.345526 -0.197128 0 0 
0 -0.406318 0 0 0.0357376 0 0 0 
-0.429216 0 -0.46119 0 0 0 0 0.0390391 
-0.480446 0 0 0 0 0 0 0 
0.161084 0 0 0.201711 0 0 0.0797434 0 
0 -0.401148 0.189337 0 0 0 0 0 
0 0 0 -0.0018704 0 0 0 0.348315 
0.450914 0 0 0 0 0 0.322883 0 
0.109135 0 0 0 0 0 0 0 
0 0 0 0.173273 -0.378603 0 0.287462 0 
-0.0426631 0 0 0.030854 0 -0.10138 0 0 
0 0 0 0 0 0 0 0.488949 
0 0 0 0 0.40664 0 0 -0.389388 
0 0 0 0 0 0 0.0582757 0.235652 
0 0 0.494623 0.104021 0 0 -0.376821 0 
0 0 0 0 0 0 -0.412394 0 
0 -0.168897 0 -0.201344 0.147613 0 -0.116735 -0.0676278 
0 0 0 0 0 0 0 0 
-0.0871265 0 0 0 0 0 -0.400643 0 
0.103758 0 0 0 0.00556697 0 -0.00204648 0 
0 0 0 0 0 -0.362964 -0.294153 0 
0 0 0 0 0 -0.252559 0 0 
0.285052 0 -0.311685 0 0 0.353541 -0.308165 0 
0 0 -0.36018 0 -0.223144 -0.476056 0 0 
0 0 0 0 0.00364139 -0.353217 -0.0413062 0 
0 0 0.0283136 0 0 0 -0.0320797 0.154887 
0 0 0 -0.363944 0 0 0 0 
0 0 0 0 0 0 -0.107944 0.486096 
0 0 0.231712 0.473996 0 0 0 0 
0 -0.244348 0 0 0 0 0 0 
0 0.0610618 0 0 0 0 0.442225 0 
0.428321 0 0 -0.340567 0.0354217 0 0 0 
0 0 0 0.301147 -0.354639 0 0 0 
0.0807039 0.00726477 0 0 0 0.252971 0 0 
